1,SARH,9.151,18.379
2,MORON,-34.676,-58.643
3,SAN ANGELO,31.358,-100.496
4,BARRANQUILLA,10.889,-74.781
5,YAKUTSK,62.093,129.771
6,PARCHIM,53.427,11.783
7,CHOSMADAL,-37.444,-70.222
8,SONGKHLA,6.933,100.393
9,HUAMBO,-12.809,15.760
10,MINOT,48.259,-101.280
11,FORMOSA,-26.213,-58.228
12,ZINDER,13.779,8.984
13,OSCODA,44.451,-83.394
14,HIERRO,27.815,-17.887
15,RESISTENCIA,-27.450,-59.056
16,RIBERALTA,-11.010,-66.073
17,COIMBATORE,11.031,77.044
18,TERBELA,33.986,72.611
19,COTTBUS,51.768,14.292
20,PAILTON,51.668,-2.057
21,VILLAHERMOSA,17.997,-92.817
22,KAILASHAHAR,24.308,92.008
23,YANGKU,38.061,128.669
24,BANDAR LENGEH,26.532,54.822
25,TAUNGOO,19.031,96.401
26,JOSE C. PAZ,-34.561,-58.789
27,NANISIVIK,72.982,-84.614
28,FORT RESOLUTION,61.181,-113.690
29,MEMPHIS,35.042,-89.977
30,SCHOENHAGEN,52.203,13.159
31,PORTAGE-LA-PRAIRIE,49.903,-98.275
32,KULUSUK,65.583,-37.150
33,CHILE CHICO,-46.582,-71.698
34,SAN RAFAEL,-34.588,-68.403
35,NANKI-SHIRAHAMA,33.662,135.364
36,CHITA,52.026,113.305
37,NEW BERN,35.073,-77.043
38,IASI,47.179,27.620
39,JAMBI,-1.638,103.644
40,CATAMARCA,-28.596,-65.752
41,IBERIA,-11.411,-69.489
42,ABBOTSFORD,49.025,-122.363
43,NOUMEA,-22.014,166.213
44,VERDUN,49.122,5.469
45,ACCRA,5.603,-0.168
46,MAWLAMYINE,16.445,97.661
47,HOMER,59.646,-151.476
48,ZANJAN,36.774,48.360
49,ABU DHABI,24.433,54.651
50,AVALON,-38.039,144.469
51,SZOLNOK,47.123,20.235
52,CHIREDZI,-21.008,31.578
53,BEQUIA,12.988,-61.262
54,CONROE,30.352,-95.414
55,VANNES,47.723,-2.718
56,JALALABAD,34.399,70.499
57,RIO CUARTO,-33.086,-64.261
58,CATARMAN,12.502,124.636
59,PORTOROZ,45.473,13.615
60,MOUNT COOK,-43.765,170.133
61,AKRON,41.038,-81.467
62,TORREON,25.568,-103.411
63,KIRTLAND A.F.B.,35.040,-106.609
64,KOSZALIN,54.042,16.264
65,TAURA,-2.261,-79.689
66,POINTE-NOIRE,-4.813,11.886
67,BAUMHOLDER,49.650,7.300
68,CHATEAUDUN,48.058,1.376
69,LAREDO,27.544,-99.461
70,MARISCAL ESTIGARRIBIA,-22.045,-60.622
71,BOCAS DEL TORO,9.341,-82.251
72,BREST,48.448,-4.418
73,DONETSK,48.073,37.740
74,ANKARA,39.935,32.741
75,PONTIANAK,-0.151,109.404
76,MINAMI DAITO,25.846,131.263
77,KYAUKPYU,19.427,93.534
78,BAHIA SOLANO,6.203,-77.394
79,FLORIDABLANCA,14.986,120.493
80,ATLANTIC CITY,39.458,-74.577
81,KARONGA,-9.953,33.893
82,XICHANG,27.989,102.184
83,RIO GRANDE,-53.778,-67.749
84,KOTA,25.161,75.845
85,THUNDER BAY,48.372,-89.324
86,BOUAKE,7.739,-5.074
87,PYHASALMI,63.732,25.926
88,TOULOUSE,43.569,1.481
89,TSUIKI,33.685,131.041
90,RAJAHMUNDRY,17.109,81.818
91,MUIR,40.435,-76.569
92,SWIFT CURRENT,50.292,-107.691
93,MOUNT CLEMENS,42.613,-82.832
94,LAKENHEATH,52.409,0.561
95,TASZAR,46.393,17.917
96,OPTAND,63.129,14.803
97,SANTIAGO,19.409,-70.616
98,WAIKABUBAK,-9.409,119.246
99,KANPUR,26.441,80.363
100,NGERENGERE,-6.717,38.154
101,IPOH,4.568,101.092
102,MALTA,35.857,14.478
103,REAO,-18.466,-136.439
104,GIEBELSTADT,49.648,9.966
105,TERNATE,0.832,127.381
106,PORT SAID,31.279,32.240
107,ST.-DIZIER,48.636,4.899
108,AUBENAS-VALS-LANAS,44.544,4.372
109,SETIF,36.178,5.324
110,NYALA,12.054,24.955
111,MUEDA,-11.673,39.563
112,LA COLOMA,22.336,-83.642
113,COYHAIQUE,-45.594,-72.106
114,TIN CITY,65.563,-167.922
115,CARCASSONNE,43.216,2.306
116,ANDROS TOWN,24.698,-77.796
117,SANTIAGO,-33.456,-70.547
118,ORANJESTAD,17.496,-62.979
119,PRESQUE ISLE,46.689,-68.045
120,WRIGHT,31.889,-81.562
121,PIETERSBURG,-23.845,29.459
122,BOSCOMBE DOWN,51.152,-1.747
123,TESLIN,60.173,-132.743
124,AJACCIO,41.924,8.803
125,PIRACUNUNGA,-21.985,-47.338
126,OMBOUE HOSPIAL,-1.575,9.263
127,OSH,40.609,72.793
128,CUZCO,-13.536,-71.939
129,MARACAIBO,10.558,-71.728
130,BRIVE,45.151,1.469
131,WHITECOURT,54.144,-115.787
132,SIDI BEL ABBES,35.172,-0.593
133,EGELSBACH,49.961,8.644
134,TUMACO,1.814,-78.749
135,SUMBURGH,59.879,-1.296
136,MALABO,3.755,8.709
137,KOSICE,48.663,21.241
138,IWOJIMA,24.784,141.323
139,AURILLAC,44.891,2.422
140,ST. CRIOX ISLAND,17.702,-64.798
141,ALAMOGORDO,32.853,-106.106
142,CAUAYAN,16.930,121.753
143,HASSFURT,50.018,10.529
144,ZANZIBAR,-6.222,39.225
145,LANZHOU,36.517,103.622
146,BEIJING,40.080,116.584
147,ST. PETERSBURG,27.911,-82.687
148,GRACIOSA ISLAND,39.092,-28.030
149,SULAYEL,20.465,45.619
150,PADANG SIDEMPUAN,1.399,99.432
151,BAMBERG,49.920,10.914
152,LANVEDOC,48.282,-4.445
153,YUMA,32.656,-114.606
154,GWALIOR,26.294,78.228
155,POINT BARROW,56.578,-169.661
156,YOLA,9.260,12.430
157,LUBUMASHI,-11.591,27.531
158,SAVANNAH,32.128,-81.202
159,OYEM,1.541,11.581
160,JORHAT,26.731,94.176
161,GUAYANA,8.288,-62.760
162,STENDAL,52.629,11.820
163,DILLINGHAM,59.045,-158.503
164,TANAGRA,38.340,23.565
165,GREENWOOD,44.984,-64.917
166,SANTO DOMINGO,-0.248,-79.214
167,GUASDUALITO,7.211,-70.756
168,VESOUL-FROTEY,47.638,6.204
169,KAVALA,40.913,24.619
170,VISBY,57.663,18.346
171,WATERFORD,52.187,-7.087
172,DAKAR,14.739,-17.490
173,SAN DIEGO,32.699,-117.215
174,BRATISLAVA,48.170,17.213
175,TZANEEN,-23.824,30.329
176,KITADAITO,25.948,131.321
177,ZUTENDAAL,50.948,5.592
178,MERAUKE,-8.520,140.418
179,RAYONG,12.680,101.005
180,ARBOGA,59.386,15.924
181,ACAPULCO,16.757,-99.753
182,SMITHFIELD,41.921,-71.491
183,HALLI,61.856,24.786
184,AOMORI,40.734,140.691
185,NELSON,-41.298,173.221
186,LOMPOC,34.729,-120.577
187,BAREILLY,28.422,79.450
188,OSAN,37.091,127.029
189,CARLETONVILLE,-26.369,27.350
190,MASTERTON,-40.973,175.634
191,HASSLOSA,58.409,13.263
192,COMOX,49.711,-124.887
193,OUVEA,-20.641,166.573
194,ROME,43.234,-75.407
195,HOEDSPRUIT,-24.369,31.049
196,FLORENCIA,1.590,-75.564
197,ALBURY,-36.068,146.958
198,TERMEZ,37.286,67.308
199,NEMA,16.622,-7.314
200,URALSK,51.152,51.546
201,KOSTA,56.844,15.453
202,CHAITEN,-42.933,-72.699
203,FORT SIMPSON,61.760,-121.237
204,INDIAN MOUNTAINS,65.993,-153.704
205,ISHURDI,24.153,89.049
206,MANDERA,3.934,41.844
207,OWANDO,-0.531,15.950
208,MANDALAY,21.702,95.978
209,KOMPONG CHNANG,12.255,104.564
210,PESHAWAR,33.994,71.514
211,TOKUNOSHIMA,27.836,128.881
212,CARRIZAL,9.372,-66.923
213,BRETIGNY-SUR-ORGE,48.597,2.331
214,WALLIS,-13.238,-176.199
215,NANDI,-17.754,177.443
216,SAURIMO,-9.689,20.432
217,LARNACA,34.875,33.625
218,NAPLES,40.886,14.291
219,WEST TINIAN,14.998,145.619
220,GHADAMES,30.152,9.715
221,GOBERNADOR GORDILLO,-30.345,-66.294
222,LITTLE ROCK,34.729,-92.224
223,GENOA,44.412,8.842
224,OIOIAPOQUE,3.855,-51.797
225,NAHA,26.196,127.646
226,SAN LUIS,-33.273,-66.356
227,BERLIN,52.473,13.404
228,ZADAR,44.108,15.347
229,BREMEN,53.048,8.787
230,TAMALE,9.563,-0.863
231,PONTIVY,48.058,-2.922
232,PANJGUR,26.954,64.133
233,MANIHI,-14.437,-146.070
234,KRASNODAR,45.035,39.172
235,TSUSHIMA,34.285,129.330
236,SIGUANEA,21.643,-82.955
237,ORAN,35.624,-0.621
238,STRATFORD,41.163,-73.126
239,MANANARA,-16.164,49.774
240,PUCALLPA,-8.378,-74.574
241,PISCO,-13.745,-76.220
242,PILANESBERG,-25.334,27.173
243,LAS HERAS,-46.538,-68.966
244,ALPHONSE,-7.005,52.726
245,VERMILLION,53.356,-110.824
246,IZMIR,38.513,27.010
247,NECOCHEA,-38.489,-58.816
248,GREENWOOD,33.494,-90.084
249,LE CASTELLET,43.253,5.785
250,GUERNSEY,49.435,-2.602
251,TIVAT,42.404,18.723
252,SALVADOR,-12.911,-38.331
253,FUZHOU,25.933,119.662
254,BODOE,67.269,14.363
255,ARICA,-18.348,-70.339
256,OLIKTOK POINT,70.499,-149.879
257,TUSTIN,33.706,-117.827
258,SOCHI,43.446,39.948
259,YAIZU,34.813,138.298
260,PRAHA,50.121,14.544
261,KAVALA,40.972,24.342
262,CUENCA,-2.889,-78.984
263,KIMHAE,35.179,128.938
264,FORT LEWIS,47.079,-122.581
265,CULIACAN,24.764,-107.474
266,PULAU PIOMAN,2.818,104.160
267,ANCHORAGE,61.251,-149.806
268,TANCOS,39.475,-8.364
269,TAKORADI,4.893,-1.775
270,HEIBRON,-27.278,27.996
271,KELOWNA,49.956,-119.378
272,ROTTERDAM,51.957,4.442
273,TAINAN,22.950,120.206
274,KINDU,-2.919,25.915
275,SINDAL,57.503,10.229
276,STRASSBOURG,48.538,7.628
277,PALMERSTON NORTH,-40.321,175.617
278,TARAPOA,-0.123,-76.338
279,SURIN,14.869,103.489
280,NIORT,46.311,-0.401
281,MORONDAVA,-20.285,44.318
282,TOTO,-7.147,14.248
283,TWENTY NINE PALMS,34.296,-116.162
284,VRYBURG,-26.982,24.729
285,TAIYUAN,37.747,112.629
286,TANJUNG SANTAN,-0.093,117.439
287,BARRA DEL COLORADO,10.769,-83.586
288,SAN FERNANDO,16.596,120.303
289,INTERNATIONAL FALLS,48.566,-93.403
290,YELLOWKNIFE,62.463,-114.440
291,SKRYDSTRUP,55.225,9.264
292,VARKAUS,62.171,27.869
293,PETROLINE 3,25.174,47.488
294,PASNI,25.284,63.333
295,HERINGSDORF,53.879,14.152
296,VICHY,46.169,3.404
297,KUWAIT,29.227,47.980
298,MAGNETIOGORSK,53.393,58.760
299,YAOUNDE,3.835,11.524
300,GALWAY,53.301,-8.939
301,COLOMBIA,33.939,-81.119
302,KITHIRA,36.274,23.017
303,NYUTABARU,32.084,131.452
304,FIRA,10.351,-13.569
305,ORMARA,25.273,64.588
306,LA RIOJA,-29.381,-66.796
307,PUNTA CANA,18.567,-68.363
308,KRASNOVODSK,40.033,52.983
309,TANGERANG,-6.293,106.570
310,ABADAN,30.365,48.233
311,GRANADA,37.189,-3.777
312,PALMAR SUR,8.951,-83.468
313,HICKORY,35.741,-81.389
314,EL PASO,31.849,-106.380
315,TIRANA,41.415,19.721
316,GURIAT,31.411,37.279
317,FAYA-LARGEAU,17.917,19.111
318,LA ORCHILA,11.809,-66.179
319,CIREBON,-6.756,108.539
320,TOKOL,47.345,18.981
321,PADERBORN,51.614,8.616
322,JESSORE,23.184,89.161
323,PORTO AMBOIM,-10.722,13.765
324,SAARBRUECKEN,49.214,7.109
325,ANADYR,64.735,177.741
326,YEREVAN,40.148,44.397
327,LONDRINA,-23.334,-51.130
328,CAIBARIEN,22.506,-79.470
329,BETHEL,60.780,-161.838
330,KRAKOW,50.078,19.785
331,BENIN,6.317,5.599
332,AGATTI ISLAND,10.823,72.176
333,FLIN FLON,54.678,-101.682
334,BUENAVENTURA,3.819,-76.990
335,TABUK,28.365,36.619
336,SELANPAA,61.062,26.799
337,TENERIFE,28.483,-16.341
338,SAN JOSE,37.362,-121.929
339,MANNHEIM,49.473,8.514
340,PRACHIN BURI,13.769,102.315
341,BRIENNE-LE CHATEAU,48.430,4.481
342,HOLMAN ISLAND,70.763,-117.806
343,BISKRA,34.793,5.738
344,TELA,15.776,-87.476
345,RANONG,9.778,98.585
346,BOTHAVILLE,-27.367,26.629
347,HONG KONG,22.309,113.914
348,MANICORE,-5.811,-61.279
349,CHARLESTOWN,17.206,-62.590
350,SALISBURY,38.340,-75.510
351,UTTARADIT,17.674,100.235
352,DECIMOMANNU,39.354,8.972
353,WHITE PLAINS,41.067,-73.708
354,SION,46.219,7.327
355,KANKAKEE,41.071,-87.846
356,ORLANDO,28.429,-81.316
357,NUEVO CASAS GRANDES,30.397,-107.875
358,GIMO,60.133,18.105
359,LICHTENBURG,-26.176,26.184
360,STRANGNAS,59.314,17.109
361,PUERTO MADRYN,-42.759,-65.103
362,PHALSBOURG,48.766,7.200
363,FAIRBANKS,64.815,-147.856
364,JOENSUU,62.659,29.624
365,BORLANGE,60.422,15.515
366,BOSTON,42.364,-71.005
367,KARLSRUHE,48.982,8.333
368,GUIRIA,10.574,-62.313
369,ORIXIMINA,-1.489,-56.397
370,LONDON,51.478,-0.461
371,IN SALAH,27.251,2.512
372,MIRI,4.325,113.988
373,LUBBOCK,33.664,-101.823
374,SANTA BARBARA,32.608,-82.369
375,MACARA,-4.380,-79.941
376,SINGKEP,-0.479,104.579
377,AREQUIPA,-16.341,-71.583
378,GLENTANNER,-43.907,170.128
379,PARIS,48.969,2.441
380,TACOMA,47.138,-122.476
381,MONT-DE-MARSAN,43.912,-0.508
382,GAMBELLA,8.128,34.563
383,BRATSK,56.371,101.699
384,TALARA,-4.576,-81.254
385,CASTILHO,-20.777,-51.565
386,MILLINGTON,35.357,-89.870
387,DE AAR,-30.637,23.920
388,VIJAYAWADA,16.530,80.797
389,HEFEI,31.780,117.298
390,CABINDA,-5.597,12.188
391,CATANIA,37.467,15.066
392,MANZINI,-26.529,31.308
393,PUDASJARVI,65.402,26.947
394,MASJED SOLEIMAN,32.002,49.271
395,JAYAPURA,-2.577,140.516
396,SACHS HARBOUR,71.994,-125.243
397,FLORENCE,34.185,-79.724
398,IBA,15.326,119.969
399,BAGAN,21.182,94.929
400,ZURICH,47.383,8.567
401,ROTA,14.174,145.243
402,TAHOUA,14.876,5.265
403,LONDONDERRY,55.043,-7.161
404,KEY WEST,24.556,-81.759
405,GUISCRIFF-SCAER,48.053,-3.664
406,SURABAYA,-7.380,112.787
407,FORTALEZA,-3.776,-38.533
408,BASCO,20.452,121.980
409,STAVANGER,58.877,5.638
410,RAPID CITY,44.145,-103.103
411,ADAK ISLAND,51.878,-176.646
412,BUSHEHR,28.945,50.834
413,BISHA,19.984,42.623
414,VILSHOFEN,48.636,13.195
415,HIRAKUD,21.579,84.006
416,BAUTZEN,51.193,14.520
417,BAYREUTH,49.984,11.638
418,POINT COOK,-37.932,144.753
419,CHIVENOR,51.087,-4.150
420,KORTRIJK-VEVELGEM,50.818,3.208
421,ISLIP,40.795,-73.100
422,ILE D'YEU,46.719,-2.391
423,MAUBEUGE,50.310,4.033
424,TALLINN-ULEMISTE INTERNATIONAL,59.413,24.833
425,SANLIURFA,37.092,38.846
426,LINDEN,5.966,-58.270
427,PORTO ALEGRE,-29.994,-51.171
428,GROSSETO,42.761,11.072
429,WARANGAL,17.918,79.599
430,FORT NELSON,58.836,-122.597
431,BELO HORIZONTE,-19.852,-43.950
432,CHITRAL,35.886,71.801
433,QUEBEC,46.788,-71.398
434,AGHAJARI,30.745,49.676
435,EGGENFELDEN,48.396,12.724
436,MERU,0.230,38.170
437,LAGOS,6.577,3.321
438,SAMARINDA,-0.484,117.157
439,DEER LAKE,49.211,-57.391
440,SUCRE,-19.007,-65.289
441,PIETERMARITZBURG,-29.649,30.399
442,BLUEFIELDS,11.989,-83.774
443,ADANA,36.982,35.280
444,MEMANBETSU,43.881,144.164
445,ORAN,35.542,-0.532
446,NAUSHKI,29.538,66.022
447,PROVIDENCE,41.724,-71.428
448,KODIAK,57.750,-152.494
449,SOUTHDOWNS,-12.900,28.150
450,TAMUIN,22.038,-98.806
451,NYIRREGYHAZA,47.984,21.692
452,MURCIA,37.775,-0.812
453,SAO NOCOLAU ISLAND,16.588,-24.284
454,OCHO RIOS,18.404,-76.969
455,HILDESHEIM,52.178,9.946
456,AL AIN,24.262,55.609
457,SKAGWAY,59.460,-135.316
458,SANTA MARIA (ISLAND),36.971,-25.171
459,BRISTOL,51.383,-2.719
460,CORUMBA,-19.012,-57.673
461,LARISSA,39.650,22.465
462,ZIRKU,24.861,53.078
463,AUTUN,46.966,4.260
464,DAMASCUS,33.411,36.516
465,CAMAGUEY,21.420,-77.848
466,SAN VINCENTE DE CAGUAN,2.152,-74.766
467,HARRISMITH,-28.235,29.106
468,DAUPHIN,51.101,-100.053
469,CAMBRAI,50.141,3.263
470,CHIAYI,23.462,120.393
471,AVIGNON,43.907,4.902
472,KEMI,65.782,24.599
473,WACO,31.611,-97.230
474,NABIRE,-3.368,135.496
475,CAIRNS,-16.886,145.755
476,MARYSVILLE,39.136,-121.436
477,ESSADOUIRA,31.404,-9.685
478,YAP,9.499,138.082
479,PANDORA,9.732,-82.983
480,ANJOUAN,-12.132,44.430
481,COFF'S HARBOUR,-30.321,153.116
482,DAYTON,39.902,-84.219
483,COLONIA,-34.456,-57.771
484,RONNEBY,56.267,15.265
485,TETOUAN,35.594,-5.320
486,CAHORS,44.351,1.475
487,FORT KNOX,37.907,-85.972
488,TEHERAN,35.703,51.475
489,TUCURUI,-3.785,-49.719
490,FREIBURG,48.020,7.834
491,LAS VEGAS,36.236,-115.034
492,IVALO,68.607,27.405
493,ORURO,-17.963,-67.076
494,MARATHON,38.145,24.014
495,RIVERA,-30.974,-55.476
496,ANTALAHA,-14.999,50.320
497,HOLLYWOOD,26.001,-80.240
498,PRIBRAM,49.719,14.097
499,SECUNDA,-26.524,29.170
500,AMMAN,31.723,35.993
501,HOPSTEN,52.339,7.541
502,BIRMINGHAM,52.454,-1.748
503,CHARLO,47.991,-66.331
504,NAGASAKI,32.923,129.923
505,BAKU,40.468,50.047
506,ORSA,61.190,14.713
507,BANGALORE,12.950,77.668
508,CELLE,52.591,10.022
509,NIAMEY,13.481,2.184
510,TRIVANDRUM,8.482,76.918
511,WYTON,52.357,-0.108
512,CRAIOVA,44.318,23.889
513,THOHOYANDOU,-23.079,30.383
514,POND INLET,72.683,-77.967
515,NAINITAL,29.033,79.474
516,AVILES,43.563,-6.034
517,RANGIROA,-14.954,-147.661
518,SARAJEVO,43.824,18.331
519,JALAPA,19.475,-96.798
520,MELBOURNE,28.103,-80.645
521,SCHEFFERVILLE,54.805,-66.805
522,JAIPUR,26.824,75.810
523,PONCA CITY,36.731,-97.100
524,BIRAO,10.236,22.717
525,TRINIDAD,21.788,-79.997
526,EAGLE PASS,28.700,-100.479
527,ZARIA,11.130,7.686
528,VILLA REYNOLDS,-33.730,-65.387
529,JUANJUI,-7.169,-76.728
530,KALININGRAD,54.890,20.593
531,PORT GENTIL,-0.712,8.754
532,ARGYLE,-32.507,137.717
533,TEHUACAN,18.497,-97.420
534,SUHL,51.308,13.555
535,MAIMAMA,35.934,64.759
536,DAR ES SALAAM,-6.878,39.203
537,HAGFORS,60.020,13.579
538,TAMPERE,61.414,23.604
539,SANTIAGO,42.896,-8.415
540,KAUHAJOKI,62.463,22.393
541,ABU DHABI,24.428,54.458
542,PENANG,5.297,100.277
543,SAN JULIAN,-31.571,-68.418
544,HAMAR,60.818,11.067
545,PALANGKARAYA,-2.225,113.943
546,MBUJI-MAYI,-6.121,23.569
547,N'DELE,8.427,20.635
548,MARIETTA,33.915,-84.516
549,BHAIRAWA,27.506,83.416
550,PITEA,65.399,21.265
551,COIMBA,40.157,-8.470
552,PHILADELPHIA,39.872,-75.241
553,ITAITUBA,-3.127,-58.481
554,KNOBNOSTER,38.730,-93.548
555,MOSCOW,55.591,37.261
556,CHINMEN,24.432,118.359
557,LIEGE,50.637,5.443
558,VIGO,42.232,-8.627
559,BROUGHTON ISLAND,67.546,-64.031
560,MAHMOOD ABAD,34.169,51.318
561,OUAGADOUGOU,12.353,-1.512
562,KUALA TERENGGANU,5.383,103.103
563,OSLO,59.896,10.617
564,KANANGA,-5.900,22.469
565,WEYDON,-77.883,166.650
566,CHAPECO,-27.134,-52.656
567,QUERETARO,20.624,-100.369
568,CHEJU,33.511,126.493
569,ALES,44.069,4.142
570,SOKOTO,12.916,5.207
571,FOZ DO IGUACU,-25.596,-54.487
572,MONA,53.258,-4.373
573,KARDLA,58.991,22.831
574,BACAU,46.522,26.910
575,MTWARA,-10.339,40.182
576,CAIRO,30.116,30.915
577,MONCLOVA,26.956,-101.470
578,VILLENEUVE-SUR-LOT,44.397,0.759
579,PAKSE,15.132,105.781
580,ST.-BRIEUC ARMOR,48.538,-2.854
581,AYOLAS,-27.371,-56.854
582,MONTAUBAN,44.026,1.378
583,OKONDJA,-0.665,13.673
584,ARUTUA,-15.248,-146.616
585,BAGNOLE-DE-L'ORNE,48.546,-0.387
586,CAMDEN,-34.040,150.687
587,MWANZA,-2.444,32.933
588,DOUALA,4.006,9.719
589,HAIL,27.438,41.686
590,MOKPO,34.759,126.380
591,SZCZECHIN,53.585,14.902
592,BOJNORD,37.493,57.301
593,ADRAR,27.838,-0.186
594,CHAH BAHAR,25.443,60.382
595,PADANG,-0.876,100.353
596,CLYDE RIVER,70.486,-68.517
597,ROANNE,46.058,4.001
598,CORDOBA,37.842,-4.849
599,MOROMBE,-21.754,43.375
600,GUARATINGUETA,-22.791,-45.205
601,TAMANRASSET,22.811,5.451
602,LE MANS,47.949,0.202
603,COLEMAN,49.563,8.463
604,ITAITUBA,-4.242,-56.001
605,GAFSA,34.422,8.823
606,MORLAIX,48.603,-3.816
607,MARAGHEH,37.349,46.126
608,MECHERIA,33.536,-0.242
609,GRAZZANISE,41.061,14.082
610,YOUNGSTOWN,41.261,-80.679
611,EL BOLSON,-41.943,-71.532
612,WILLISTON,48.178,-103.642
613,COLOMBO,7.181,79.884
614,RIOBAMBA,-1.654,-78.656
615,ROCKHAMPTON,-23.382,150.475
616,SANTA FE,35.617,-106.088
617,JOHOR BAHRU,1.641,103.669
618,ERZURUM,39.956,41.170
619,SCHWAEBISCH HALL,49.118,9.777
620,VOLGOGRAD,48.782,44.345
621,LANGGUR,-5.661,132.731
622,ZARAGOZA,41.666,-1.041
623,WATSON LAKE,60.118,-128.822
624,NEWBURGH,41.504,-74.105
625,DELHI,28.566,77.103
626,IGUAZU FALLS,-25.738,-54.473
627,AGANA,13.484,144.797
628,HANGZHOU,30.228,120.432
629,SAMOS,37.690,26.912
630,MILLVILLE,39.368,-75.072
631,LEEMING,54.292,-1.535
632,BENGHAZI,32.097,20.269
633,DUNCAN TOWN,22.182,-75.729
634,COBIJA,-11.040,-68.783
635,YALINGA,45.154,-89.111
636,PEACE RIVER,56.227,-117.447
637,LA QUIACA,-22.162,-65.570
638,ARZANA,24.780,52.560
639,FARO,62.208,-133.376
640,HURGHADA,27.184,33.798
641,KHASAB,26.171,56.241
642,ROBINSON,34.850,-92.300
643,OMSK,54.967,73.310
644,SACHON,35.088,128.070
645,SIDI IFINI,29.369,-10.180
646,DAMMAM,26.471,49.798
647,MINERAL WELLS,32.781,-98.060
648,GEORGETOWN,19.293,-81.358
649,LONDON,51.505,0.054
650,FEZ,33.927,-4.978
651,PORT HARDY,50.681,-127.367
652,GOLOUCHESTERSHIRE,51.894,-2.167
653,PANAMA CITY,9.071,-79.383
654,MATARAM,-8.561,116.094
655,FORT SAINT JOHN,56.238,-120.740
656,SAN ANTONIO,7.852,-72.435
657,HUANUCO,-9.878,-76.204
658,ALICE SPRINGS,-23.807,133.902
659,SYKTYVKAR,61.648,50.846
660,PRESIDENT PRUDENTE,-22.175,-51.424
661,DUNSFOLD,51.117,-0.534
662,BAIDOA,3.099,43.624
663,TOURS,47.432,0.728
664,TAMWORTH,-31.084,150.847
665,FRESNO,36.776,-119.718
666,VITERBO,42.430,12.064
667,VILLA GESELL,-37.235,-57.029
668,SAIDU SHARIF,34.813,72.352
669,DOVER,39.130,-75.466
670,SOGNDAL,61.156,7.136
671,NEUBURG,48.711,11.211
672,JEDDAH,21.348,39.173
673,ARACATUBA,-21.141,-50.425
674,PUTAO,27.330,97.426
675,ANTANANARIVO,-18.797,47.479
676,ST.-YAN,46.413,4.013
677,REGINA,50.432,-104.666
678,WEST CHICAGO,41.908,-88.249
679,ESTIMA,-15.734,32.757
680,NEPALGUNJ,28.104,81.667
681,LAPPEENRANTA,61.044,28.144
682,CHATHAM,47.008,-65.449
683,SENDAI,38.139,140.917
684,SHANNON,52.702,-8.925
685,CONNAUGHT,53.910,-8.818
686,KUANTAN,3.775,103.209
687,JEBEL DHANA,24.187,52.614
688,APOLO,-14.739,-68.411
689,YA LA,6.527,101.242
690,PLYMOUTH,33.587,-80.209
691,SEBHA,26.987,14.473
692,ILOILO,10.713,122.545
693,ANCHORAGE,61.174,-149.996
694,BARROW ISLAND,54.130,-3.256
695,FAJARDO,18.309,-65.662
696,COSFORD,52.640,-2.306
697,THESSALONIKI,40.520,22.971
698,MITZIC,0.776,11.553
699,LORETO,25.989,-111.348
700,VRSAC,45.147,21.310
701,SHANTE,20.942,95.914
702,KINGSVILLE,27.507,-97.810
703,CHOTEBOR,49.684,15.676
704,ZIHUATANEJO,17.601,-101.460
705,OAKEY,-27.411,151.735
706,BEDFORD,42.470,-71.289
707,MAKALE,13.467,39.533
708,FARILA,61.898,15.705
709,FORT HOOD,31.139,-97.714
710,SINTANG,0.064,111.475
711,CHELYABINSK,55.303,61.507
712,ANGELHOLM,56.296,12.847
713,BITAM,2.076,11.493
714,NINBO,29.825,121.465
715,LVOV,49.813,23.956
716,BANGASSOU,4.784,22.781
717,CERVIA,44.224,12.306
718,SANTA CLARA,10.288,-83.714
719,LA ROMANA,18.452,-68.912
720,SHERBROOKE,45.438,-71.691
721,TIJUANA,32.541,-116.970
722,BRUSSELS,50.902,4.499
723,GWERT,-19.437,29.862
724,MAFIKENG,-25.753,25.612
725,KARRATHA,-20.712,116.773
726,MORONI,-11.711,43.244
727,LE LUC,43.384,6.387
728,DEADHORSE,70.195,-148.465
729,MASERU,-29.304,27.503
730,ULONGWE,-14.704,34.352
731,OKHA,53.515,142.888
732,CIUDAD OBREGON,27.393,-109.833
733,LIBREVILLE,0.458,9.412
734,SEATTLE,47.530,-122.302
735,JACKSON,32.311,-90.076
736,PETROLINE 6,24.710,44.964
737,ALONG,28.175,94.802
738,SANTA CRUZ,-17.645,-63.135
739,TOULOUSE,43.586,1.499
740,NANJING,31.740,118.860
741,VAN,38.468,43.332
742,EL-GORA,31.069,34.129
743,PORT MORESBY,-9.443,147.220
744,MOULINS,46.534,3.424
745,KOHNAN,34.591,133.933
746,LOS ANGELES,33.943,-118.408
747,BURLINGTON,44.472,-73.153
748,TORONTO,43.743,-79.466
749,NORTH BATTLEFORD,52.769,-108.244
750,GOA,15.381,73.833
751,BANDAR ABBAS,27.218,56.378
752,SAN FILIPE,30.930,-114.809
753,KOMATIPOORT,-25.441,31.930
754,FORT BENNING,32.337,-84.991
755,GRENCHEN,47.181,7.417
756,PAU,43.380,-0.419
757,LAFAYETTE,30.205,-91.988
758,SAN IGNACIO DE MOXOS,-14.966,-65.634
759,JACARE-ACANGA,-6.233,-57.777
760,CORK,51.843,-8.492
761,BRINDISI,40.658,17.947
762,GORGAN,36.909,54.402
763,SANTA BARBARA,7.803,-71.166
764,CIENFUEGOS,22.150,-80.414
765,PERM,57.917,56.026
766,JAUJA,-11.783,-75.473
767,CASEMENT,53.303,-6.443
768,ISKENDERUN,36.573,36.154
769,ALTA,69.977,23.366
770,BUFFALO,42.940,-78.732
771,MYRTLE BEACH,33.680,-78.928
772,POINT MUGU,34.120,-119.121
773,LUENA,-11.768,19.898
774,BAGHDOGRA,26.681,88.328
775,SAN DIEGO,32.733,-117.189
776,MIR PUR KHAS,25.683,69.073
777,AMSELE,64.571,19.314
778,NOME,64.512,-165.445
779,DUMAGUETE,9.334,123.302
780,TRUJILLO,-8.085,-79.109
781,WEST HAMPTON BEACH,40.844,-72.632
782,HOUSTON,29.607,-95.159
783,PIETERSBURG,-23.926,29.484
784,NICARO,20.689,-75.531
785,TCHIBANGA,-2.889,10.919
786,YAMOUSSOUKRO,6.903,-5.366
787,LAMERD,27.371,53.189
788,JAHROM,28.586,53.579
789,NHATRANG,12.218,109.200
790,KWAJALEIN,8.720,167.731
791,MATURIN,9.749,-63.152
792,SONGKHLA,7.186,100.608
793,BRISBANE,-27.384,153.118
794,CEDAR CITY,37.701,-113.099
795,MIQUELON,47.095,-56.380
796,KLAGENFURT,46.650,14.333
797,ADANA,37.002,35.426
798,GULU,2.806,32.272
799,ARDABIL,38.326,48.424
800,DILLINGHAM,21.579,-158.210
801,WROCLAW,51.103,16.886
802,YLIVIESKA-RAUDASKYLA,64.060,24.716
803,CUBI NAS,6.106,125.236
804,CHERBOURG,49.650,-1.470
805,KIRKWALL,58.958,-2.905
806,NAMSANG,20.890,97.736
807,BUJUMBURA,-3.324,29.318
808,KRIEL,-26.252,29.194
809,TINDOUF,27.700,-8.167
810,LA CEIBA,15.742,-86.853
811,EMMEN,47.092,8.305
812,MEKNES,33.879,-5.515
813,LILABARI,27.291,94.097
814,TUKTOYAKTUK,69.433,-133.026
815,COETIVY,-7.164,56.264
816,SIGLUFJORDUR,66.133,-18.917
817,LLOYDMINSTER,53.309,-110.073
818,SUMBAWA,-8.489,117.412
819,GIFU,35.394,136.869
820,STARA ZAGORA,42.377,25.655
821,SAN FERNANDO,-34.453,-58.589
822,SOESTERBERG,52.127,5.276
823,ARAUCA,7.069,-70.737
824,CIUDAD BOLIVAR,8.122,-63.537
825,WORMS,49.606,8.368
826,CIUDAD DEL CARMEN,18.654,-91.799
827,FASSBERG,52.919,10.184
828,NANNING,22.608,108.172
829,RUSTENBURG,-25.644,27.271
830,ALEXANDER BAY,-28.575,16.533
831,NOSARA BEACH,9.976,-85.653
832,OUESSANT,48.463,-5.064
833,MATSU,26.224,120.003
834,SAO LUIS,-2.589,-44.236
835,COLLIQUE,-11.929,-77.061
836,ANDOYA,69.293,16.144
837,PROVIDENCIALES,21.774,-72.266
838,RIO DE JANEIRO,-22.910,-43.163
839,GRONINGEN,53.119,6.579
840,WATERLOO,43.459,-80.384
841,DONGOLA,19.154,30.430
842,KEFLAVIK,63.985,-22.606
843,SLIGO,54.280,-8.599
844,CASABLANCA,33.368,-7.588
845,KANSAS CITY,39.298,-94.714
846,CUFAR,11.288,-15.181
847,FORESTVILLE,48.746,-69.097
848,ELKINS,38.889,-79.857
849,KAOLACK,14.147,-16.051
850,SUI,28.645,69.177
851,RHODOS,36.405,28.086
852,INHAMBANE,-23.876,35.408
853,KITEE,62.166,30.074
854,PRINCIPE,1.663,7.412
855,SHEBERGHAN,36.750,65.912
856,LOUISIANA,30.038,-91.884
857,CHANDIGARH,30.673,76.788
858,SEOUL,37.558,126.791
859,BARROW,71.285,-156.766
860,PILAR,-26.881,-58.318
861,LIPA,13.955,121.125
862,MERCED,37.380,-120.568
863,BEER-SHEBA,31.287,34.723
864,ITAITUBA,-9.334,-54.965
865,PHNOM-PENH,11.546,104.844
866,SAN MATHIAS,-16.339,-58.402
867,MANZANILLO,19.145,-104.559
868,MATAMOROS,25.770,-97.525
869,KORHOGO,9.387,-5.556
870,AIZWAL,23.746,92.803
871,DURANGO,37.151,-107.754
872,ALDAN,34.804,-96.671
873,KIGALI,-1.969,30.139
874,LADAG,8.414,124.611
875,HAVRE,48.543,-109.762
876,JACKSONVILLE,34.708,-77.439
877,GUAPILES,10.217,-83.795
878,DES MOINES,41.534,-93.663
879,CHUUK,7.462,151.843
880,BANAK,70.069,24.973
881,AGRA,27.156,77.961
882,MARAGROSA,-2.851,-79.804
883,EL DORADO,6.715,-61.639
884,LANSING,42.779,-84.587
885,RECIFE,-8.126,-34.923
886,SARGODHA,32.049,72.665
887,DUBENDORF,47.399,8.648
888,VREDENDAL,-31.641,18.545
889,COLD LAKE,54.405,-110.279
890,BANANERA,15.473,-88.837
891,CANEFIELD,15.337,-61.392
892,KASUNGU,-13.014,33.468
893,MADRID,40.472,-3.561
894,GONDAR,12.518,37.432
895,NAMEST,49.166,16.125
896,LOIKAW,19.692,97.215
897,EVREUX,49.029,1.220
898,GODOLLO,47.571,19.339
899,AL HAMRA,24.074,52.463
900,PORTO VELHO,-8.709,-63.902
901,BEIRUT,33.813,35.489
902,PEMBA,-12.987,40.522
903,RIO DE JANEIRO,-22.809,-43.244
904,TORONTO,43.628,-79.396
905,ABECHE,13.847,20.844
906,QINGDAO,36.263,120.375
907,MANSTON,51.342,1.346
908,CHATHAM ISLAND,-43.810,-176.457
909,ST.-GEORGES OYAPOCK,3.898,-51.804
910,NEW YORK,40.640,-73.779
911,HAWARDEN,53.178,-2.978
912,DENVER,39.858,-104.667
913,BETTLES,66.915,-151.528
914,QUUJJUAQ,58.096,-68.427
915,CARDIFF,51.397,-3.343
916,FICKSBURG,-28.823,27.909
917,YALOVA,40.683,29.379
918,HURON,44.385,-98.228
919,LE PUY,45.079,3.765
920,YURIMAGUAS,-5.894,-76.118
921,VESTMANNAEYJAR,63.424,-20.279
922,LAVAN ISLAND,26.810,53.356
923,HIVA-OA,-9.769,-139.011
924,KOSRAE,5.357,162.958
925,HANNOVER,52.461,9.685
926,GUNUNG SITOLI,1.166,97.703
927,SAN JOSE,9.957,-84.142
928,TRONDHEIM,63.458,10.940
929,BARRANCABERMEJA,7.024,-73.807
930,ALEXANDRIA,31.395,-92.296
931,NAKHON RATCHASIMA,14.934,102.079
932,ABBEVILLE,50.143,1.832
933,PRESTWICK,55.508,-4.587
934,LICHINGA,-13.274,35.266
935,PATINA,25.591,85.088
936,MOUNDOU,8.620,16.068
937,BUKAVU/KAVUMU,-2.309,28.809
938,LAS TUNAS,20.988,-76.936
939,HAGSHULT,57.292,14.137
940,HARRISON,36.261,-93.155
941,STEPHENVILLE,48.544,-58.550
942,KUSTANAY,53.206,63.551
943,SPRINGBOK,-29.689,17.939
944,LADYSMITH,-28.582,29.750
945,SANTO DOMINGO,7.565,-72.035
946,WINDSOR,42.276,-82.956
947,LAMEZIA,38.906,16.242
948,CONGO TOWN,24.159,-77.590
949,PADOVA,45.396,11.848
950,NICE,43.661,7.218
951,BUENOS AIRES,-34.559,-58.416
952,FORT MEADE,39.085,-76.759
953,EDMONTON,53.667,-113.467
954,OKARA,30.741,73.358
955,KWAJALEIN,9.397,167.471
956,ARDMORE,-37.030,174.973
957,MOOSONEE,51.291,-80.608
958,CUAMBA,-14.820,36.532
959,CHICOPEE FALLS,42.198,-72.534
960,GOLFITO,8.654,-83.182
961,IMMOLA,61.249,28.904
962,DEPARIZO,27.989,94.223
963,BEIRA,-19.796,34.908
964,ST. JEAN,45.294,-73.281
965,CAMBRIDGE,52.205,0.175
966,POLYARNY,66.417,112.050
967,ELIZABETH CITY,36.261,-76.174
968,AKURE,7.247,5.301
969,KHARKOV,49.359,26.934
970,BUECHEL,50.174,7.063
971,CHIHUAHUA,28.703,-105.964
972,SUKKUR,27.722,68.792
973,KAMUELA,20.001,-155.668
974,CASLAV,49.939,15.382
975,ANDOAS,-2.795,-76.466
976,TRIPOLI,32.663,13.159
977,ALICE TOWN,25.700,-79.264
978,SIOFOK,46.858,18.096
979,MATAGAMI,49.762,-77.803
980,YOKOTA,35.748,139.348
981,HUAHINE ISLAND,-16.687,-151.022
982,BRUECKEBURG,52.278,9.082
983,CALABAR,4.976,8.347
984,MANSA,-11.138,28.875
985,BOUFARIK,36.546,2.876
986,LOMA LARGA,-1.501,-79.481
987,SUDBURY,46.625,-80.799
988,PENDORO,-3.286,103.879
989,AVIANO,46.032,12.596
990,HELSINKI,60.320,24.956
991,KLERKSDORP,-26.871,26.718
992,MORA,60.958,14.511
993,SALTO,-31.440,-57.991
994,WIENER NEUSTADT OST,47.843,16.260
995,OKI ISLAND,36.181,133.325
996,FLORIANOPOLIS,-27.673,-48.548
997,BELGAUM,15.859,74.618
998,JERSEY,49.208,-2.195
999,BORA BORA,-16.444,-151.751
1000,MINSK,53.864,27.539
